  can1  065   [8]  00 00 00 00 00 06 00 00
  can1  010   [8]  00 00 00 00 00 00 14 80
  can1  56B   [8]  6B 01 00 00 00 00 00 00
  can1  015   [8]  14 00 00 00 00 00 64 80
  can1  566   [8]  66 01 00 00 00 00 00 00
  can1  010   [8]  00 00 00 00 00 00 14 80
  can1  015   [8]  14 00 00 00 00 00 64 80
  can1  010   [8]  00 00 00 00 00 00 14 80
  can1  015   [8]  14 00 00 00 00 00 64 80
  can1  010   [8]  00 00 00 00 00 00 14 80
  can1  015   [8]  14 00 00 00 00 00 64 80
  can1  010   [8]  00 00 00 00 00 00 14 80
  can1  015   [8]  14 00 00 00 00 00 64 80
  can1  56B   [8]  66 12 00 00 00 00 00 00
  can1  010   [8]  00 00 00 00 00 00 14 80
  can1  015   [8]  14 00 00 00 00 00 64 80
  can1  010   [8]  00 00 00 00 00 00 14 80
  can1  015   [8]  14 00 00 00 00 00 64 80
  can1  010   [8]  00 00 00 00 00 00 14 80
  can1  015   [8]  14 00 00 00 00 00 64 80
  can1  010   [8]  00 00 00 00 00 00 14 80
  can1  015   [8]  14 00 00 00 00 00 64 80
  can1  010   [8]  00 00 00 00 00 00 14 80
  can1  015   [8]  14 00 00 00 00 00 64 80
  can1  566   [8]  6B 12 00 00 00 00 00 00
  can1  010   [8]  00 00 00 00 00 00 14 80
  can1  015   [8]  14 00 00 00 00 00 64 80
  can1  010   [8]  00 00 00 00 00 00 14 80
  can1  015   [8]  14 00 00 00 00 00 64 80
  can1  010   [8]  00 00 00 00 00 00 14 80
  can1  015   [8]  14 00 00 00 00 00 64 80
  can1  010   [8]  00 00 00 00 00 00 14 80
  can1  015   [8]  14 00 00 00 00 00 64 80
  can1  010   [8]  00 00 00 00 00 00 14 80
  can1  015   [8]  14 00 00 00 00 00 64 80
  can1  010   [8]  00 00 00 00 00 00 14 80
  can1  015   [8]  14 00 00 00 00 00 64 80
  can1  015   [8]  14 00 00 00 00 00 64 80
  can1  56B   [8]  66 32 00 00 00 00 00 00

